1517003972 21
1517004370 27
1517004436 26
1517346913 67
1517347450 68
1517347626 114
1517347672 115
1517348043 162
1517348175 162
1517502562 162
1517502666 163
1517502701 163
1517605545 163
1517605817 167
1517605935 165
1517608812 223
1517608974 223
1518210822 232
1518557707 708
1518747065 916
1518820733 1348
1519684080 1362
1519778541 1386
1520369856 1291
1520371696 1312
1520373229 1259
1521579688 1297
1522174973 1509
1522434495 1583
1522788541 1650
1523037620 1699
1523046305 1701
1523053056 1767
1524258053 1577
1524408190 1922
1524411139 1931
1524528882 2108
1525315303 2135
1536026346 2150
1538454687 2174
1538455244 2174
1539208603 2348
1539568387 2349
1539569215 2347
1540161757 2347
1540846264 2381
1541379826 2571
1541379879 2630
1541542037 2695
1541542167 2695
1543441484 2760
1543442033 2763
1543442155 2761
1544222039 2874
